% data from paper
D1 = [0.219279 1.2119e-12 5.5815e-13 2.9899e-13 3.4618e-13
1.492632 2.1273e-8 7.4393e-7 2.0098e-11 5.2990e-7
0.052244 1.4507e-8 5.6808e-7 1.3893e-10 2.3454e-7
0.132442 1.8460e+5 1.3845e+4 3.0860e-14 1.4865e-14
0.034830 8.7988e-13 5.2886e-13 1.5282e-12 1.4353e-13
1.293886 3.0693e-12 2.3141e-12 1.4977e-12 7.3344e-13
21.631733 1.6152e-8 9.7965e-9 9.6874e-11 5.1869e-9
0.232794 2.3342e-7 1.2370e-7 8.0713e-10 5.5621e-8
0.547468 1.3642e+6 1.0231e+5 1.0062e-13 3.8067e-14
0.156921 2.7375e-12 1.5195e-12 2.8013e-12 3.6188e-13
16.433 8.2360e-12 3.1784e-12 1.6267e-12 1.6215e-12
828.880 1.5733e-8 3.7021e-7 2.9058e-10 1.6509e-7
2.797 1.1847e-6 2.4071e-6 2.3203e-9 8.8235e-7
5.613 1.0485e+7 7.8639e+5 2.7732e-13 1.0762e-13
1.745 8.4960e-12 2.2247e-12 7.6749e-12 7.4694e-13
189.89 4.1122e-11 2.9050e-11 9.3230e-12 9.4529e-12
9384.84 6.9999e-7 4.1987e-5 5.6624e-9 1.1585e-5
10.24 6.5988e-5 6.8342e-5 8.0995e-8 1.7684e-5
18.64 8.2211e+7 6.1658e+6 7.4454e-13 2.9862e-13
6.08 4.1104e-11 2.4683e-11 5.9973e-11 6.3105e-12
1668.40 1.1937e-10 7.5177e-11 2.4279e-11 5.6894e-11
nan nan nan nan nan 
133.68 8.3697e-4 7.9488e-3 4.8176e-7 1.4262e-3
232.21 6.5092e+8 4.8819e+7 2.1038e-12 8.4248e-13
79.53 1.1753e-10 4.3408e-11 2.3549e-10 1.0131e-11];

D2 = [
5.2412e-4 4.7411e-13 1.8966e-13 2.3129e-13 2.2617e-13
nan(1,5)
1.6065e-4 1.8971e-9 5.9457e-12 1.3883e-11 6.8856e-10
4.1595e-4 1.5819e+5 1.1864e+4 6.3546e-13 4.8618e-13
1.1138e-4 5.0120e-13 1.0788e-13 5.2690e-13 1.6915e-13

2.7674e-4 2.9655e-13 5.6901e-16 1.3866e-14 1.2511e-14
2.8988e-3 4.0189e-14 5.4226e-17 7.1682e-16 1.1086e-15
8.3933e-5 9.2263e-14 1.6665e-16 1.7769e-15 2.6541e-15
7.4580e-4 5.1429e+3 3.8572e+2 1.7314e-14 1.6589e-14
1.1473e-4 4.4052e-14 7.1448e-17 1.5076e-15 1.2248e-15

1.1863e-3 1.8999e-14 3.0333e-13 8.0629e-14 7.5617e-14
1.1157e-2 2.3795e-13 3.3921e-13 6.1137e-14 5.4783e-13
2.9073e-4 1.3048e-11 2.4943e-11 7.9926e-12 2.9379e-11
7.3467e-2 4.5781e-10 3.5717e-6 8.9387e-15 3.5810e-15
2.0842e-4 2.8700e-15 2.6279e-13 7.4168e-14 1.9234e-14

1.3929e-3 1.4320e-13 4.1553e-9 3.7954e-9 9.0701e-14
8.0045e-3 4.0113e+18 4.9217e+35 2.7207e+2 5.7649e+18
1.4155e-4 2.4407e-1 3.4031e+0 1.9729e-12 3.3729e+0
3.4375e-1 1.2426e-13 1.9475e-4 1.0156e-9 2.3945e-14
1.4566e-4 2.1280e-5 1.8223e-9 6.9232e-1 6.9645e-15

7.2083e-4 8.7529e-5 1.0348e+8 1.0047e-3 1.1494e-3
1.1164e-3 2.9598e+8 1.2525e+14 6.9268e-9 7.4479e+7
8.2907e-5 4.0527e-2 7.4873e+3 1.4280e-4 1.0614e+3
1.9109e-3 2.7961e+1 1.3335e-1 2.6709e-16 3.7295e-15
1.3118e-4 8.3470e-6 4.8973e-8 4.6290e-2 3.5464e-11

4.3844e-4 1.7488e-4 7.3987e+9 9.5686e-3 8.0930e-3
6.8297e-3 2.2182e+15 7.8853e+30 6.2484e-1 4.7960e+15
1.2530e-4 1.6289e+15 1.1005e+31 8.1164e+12 6.4573e+15
7.8016e-2 9.2500e-1 6.9375e-2 5.0460e-18 5.0069e-18
1.3988e-4 1.3837e-6 6.1407e-7 4.7715e-2 6.5880e-11

6.7244e-4 7.7794e-5 3.1844e+9 3.2661e-3 5.1459e-3
1.0509e-3 3.9674e+6 2.8112e+12 5.5335e-10 3.0959e+6
8.2197e-5 8.9410e-1 1.7080e+5 2.3277e-1 1.3477e+4
7.9753e-2 1.3920e+0 1.0440e-1 1.6256e-17 1.5872e-17
1.2952e-4 7.8780e-6 8.8150e-9 1.0053e-1 6.9411e-12

7.7709e-4 1.2110e-8 2.4919e-19 9.7018e-14 4.2360e-14
9.5926e-3 1.7557e+18 8.3337e+19 2.9330e+2 6.3290e+14
6.9553e-5 9.7944e-4 3.7051e-12 1.3245e-12 7.3242e-8
4.3725e-4 4.8004e+18 3.6003e+17 2.1323e-4 3.5543e-4
1.1164e-4 1.0034e-8 3.9479e-19 1.8214e-13 4.5669e-14

6.0757e-4 3.3379e-4 1.7085e+8 2.2069e-3 1.8524e-3
1.1492e-3 6.4988e+11 5.2998e+20 1.0258e-5 2.3906e+11
1.0859e-4 2.3355e+7 6.6810e+13 8.7269e-2 6.6271e+7
1.2877e-3 8.4260e+2 6.3195e+1 8.0285e-16 4.3501e-15
1.2178e-4 1.2730e-5 2.6181e-7 5.3304e-1 5.5535e-11
];

D3 = [
0.0676 1.8834e-12 1.3715e-10 2.7751e-13 1.3977e-11
0.0040 1.7076e-9 2.4503e-9 2.3320e-9 2.9404e-9
 26.3367 4.3608e-13 1.5979e-12 6.9434e-12 2.9385e-13
 0.0075 8.7761e-13 2.0632e-10 7.3052e-11 1.69030e-12
0.04999 1.2540e-12 8.1432e-12 1.0332e-13 2.7288e-12
 0.0376 8.9331e-10 2.1151e-9 1.0874e-9 2.0244e-9
 237.3757 6.6400e-13 2.7182e-12 1.6547e-11 5.9684e-13
 0.0381 1.2844e-12 1.0488e-10 7.2368e-11 2.0119e-12
0.4825 2.7959e+4 3.3363e+8 1.3175e-11 4.2739e+4
 0.0372 1.0540e-8 2.8375e-7 9.8848e-9 2.4027e-8
 252.9536 2.2914e-12 3.8153e-11 1.1974e-10 1.7151e-12
 0.0970 9.9285e-12 3.9597e-8 5.1084e-9 6.9214e-11
 1.0967 3.3165e-12 2.3569e-12 1.1702e-13 2.1527e-11
 0.0579 3.5823e-9 3.0613e-9 5.5006e-8 2.0268e-10
 174.4744 9.4645e-12 6.7195e-13 1.8536e-12 1.3377e-12
 0.0363 1.2428e-11 4.7846e-10 2.7574e-10 7.3211e-12
1.2534 1 1.7239e+7 1.6424e-16 3.8459
 0.3535 8.1348e+4 1.1447e+16 5.0625e+12 9.8191e+3
 1630.1 2.2609e-14 7.7154e-4 4.6808e-11 1.1804e-11
 0.0154 3.1547e-15 0.5452 7.4696e-9 1.4173e-6
 ];